 1   1 1
 2   11 10
 3   21 10
 4   31 10
 5   41 10
 6   51 10
 7   61 10
 8   71 10
 9   81 10
 10   91 10
 11   101 10
 12   111 10
 13   121 10
 14   131 10
 15   141 10
 16   151 10
 17   161 10
 18   171 10
 19   181 10
 20   191 10
 21   201 10
 22   211 10
 23   221 10
 24   231 10
 25   241 10
 26   251 10
 27   261 10
 28   271 10
 29   281 10
 30   291 10
 31   301 10
 32   311 10
 33   321 10
 34   331 10
 35   332 1
 36   342 10
 37   352 10
 38   362 10
 39   372 10
 40   382 10
 41   392 10
 42   402 10
 43   412 10
 44   422 10
 45   432 10
 46   442 10
 47   452 10
 48   462 10
 49   472 10
 50   482 10
 51   492 10
 52   502 10
 53   512 10
 54   522 10
 55   532 10
 56   542 10
 57   552 10
 58   562 10
 59   572 10
 60   582 10
 61   592 10
 62   602 10
 63   612 10
 64   622 10
 65   632 10
 66   642 10
 67   652 10
 68   662 10
 69   663 1
 70   673 10
 71   683 10
 72   693 10
 73   703 10
 74   713 10
 75   723 10
 76   733 10
 77   743 10
 78   753 10
 79   763 10
 80   773 10
 81   783 10
 82   793 10
 83   803 10
 84   813 10
 85   823 10
 86   833 10
 87   843 10
 88   853 10
 89   863 10
 90   873 10
 91   883 10
 92   893 10
 93   903 10
 94   913 10
 95   923 10
 96   933 10
 97   943 10
 98   953 10
 99   963 10
 100   973 10
 101   983 10
 102   993 10
 103   994 1
 104   1004 10
 105   1014 10
 106   1024 10
 107   1034 10
 108   1044 10
 109   1054 10
 110   1064 10
 111   1074 10
 112   1084 10
 113   1094 10
 114   1104 10
 115   1114 10
 116   1124 10
 117   1134 10
 118   1144 10
 119   1154 10
 120   1164 10
 121   1174 10
 122   1184 10
 123   1194 10
 124   1204 10
 125   1214 10
 126   1224 10
 127   1234 10
 128   1244 10
 129   1254 10
 130   1264 10
 131   1274 10
 132   1284 10
 133   1294 10
 134   1304 10
 135   1314 10
 136   1324 10
 137   1334 10
 138   1344 10
 139   1354 10
 140   1364 10
 141   1374 10
 142   1384 10
 143   1394 10
 144   1404 10
 145   1414 10
 146   1424 10
 147   1434 10
 148   1444 10
 149   1454 10
 150   1464 10
 151   1474 10
 152   1484 10
 153   1494 10
 154   1504 10
 155   1514 10
 156   1524 10
 157   1534 10
 158   1544 10
 159   1554 10
 160   1564 10
 161   1574 10
 162   1584 10
 163   1594 10
 164   1604 10
 165   1614 10
 166   1624 10
 167   1634 10
 168   1644 10
 169   1654 10
 170   1664 10
 171   1674 10
 172   1684 10
 173   1694 10
 174   1704 10
 175   1714 10
 176   1724 10
 177   1734 10
 178   1744 10
 179   1754 10
 180   1764 10
 181   1774 10
 182   1784 10
 183   1794 10
 184   1804 10
 185   1814 10
 186   1824 10
 187   1834 10
 188   1844 10
 189   1854 10
 190   1864 10
 191   1874 10
 192   1884 10
 193   1894 10
 194   1904 10
 195   1914 10
 196   1924 10
 197   1934 10
 198   1944 10
 199   1954 10
 200   1964 10
 201   1974 10
 202   1984 10
 203   1994 10
 204   2004 10
 205   2014 10
 206   2024 10
 207   2034 10
 208   2044 10
 209   2054 10
 210   2064 10
 211   2074 10
 212   2084 10
 213   2094 10
 214   2104 10
 215   2114 10
 216   2124 10
 217   2134 10
 218   2144 10
 219   2154 10
 220   2164 10
 221   2174 10
 222   2184 10
 223   2194 10
 224   2204 10
 225   2214 10
 226   2224 10
 227   2234 10
 228   2244 10
 229   2254 10
 230   2264 10
 231   2274 10
 232   2284 10
 233   2294 10
 234   2304 10
 235   2314 10
 236   2324 10
 237   2334 10
 238   2344 10
 239   2354 10
 240   2364 10
 241   2374 10
 242   2384 10
 243   2394 10
 244   2404 10
 245   2414 10
 246   2424 10
 247   2434 10
 248   2444 10
 249   2454 10
 250   2464 10
 251   2474 10
 252   2484 10
 253   2494 10
 254   2504 10
 255   2514 10
 256   2524 10
 257   2534 10
 258   2544 10
 259   2554 10
 260   2564 10
 261   2574 10
 262   2584 10
 263   2594 10
 264   2604 10
 265   2614 10
 266   2624 10
 267   2634 10
 268   2644 10
 269   2654 10
 270   2664 10
 271   2674 10
 272   2684 10
 273   2694 10
 274   2704 10
 275   2714 10
 276   2724 10
 277   2734 10
 278   2744 10
 279   2754 10
 280   2764 10
 281   2774 10
 282   2784 10
 283   2794 10
 284   2804 10
 285   2814 10
 286   2824 10
 287   2834 10
 288   2844 10
 289   2854 10
 290   2864 10
 291   2874 10
 292   2884 10
 293   2894 10
 294   2904 10
 295   2914 10
 296   2924 10
 297   2934 10
 298   2944 10
 299   2954 10
 300   2964 10
 301   2974 10
 302   2984 10
 303   2994 10
 304   3004 10
 305   3014 10
 306   3024 10
 307   3034 10
 308   3044 10
 309   3054 10
 310   3064 10
 311   3074 10
 312   3084 10
 313   3094 10
 314   3104 10
 315   3114 10
 316   3124 10
 317   3134 10
 318   3144 10
 319   3154 10
 320   3164 10
 321   3174 10
 322   3184 10
 323   3194 10
 324   3204 10
 325   3214 10
 326   3224 10
 327   3234 10
 328   3244 10
 329   3254 10
 330   3264 10
 331   3274 10
 332   3284 10
 333   3294 10
 334   3304 10
 335   3314 10
 336   3324 10
 337   3334 10
 338   3344 10
 339   3354 10
 340   3364 10
 341   3374 10
 342   3384 10
 343   3394 10
 344   3404 10
 345   3414 10
 346   3424 10
 347   3434 10
 348   3444 10
 349   3454 10
 350   3464 10
 351   3474 10
 352   3484 10
 353   3494 10
 354   3504 10
 355   3514 10
 356   3524 10
 357   3534 10
 358   3544 10
 359   3554 10
 360   3564 10
 361   3574 10
 362   3584 10
 363   3594 10
 364   3604 10
 365   3614 10
 366   3624 10
 367   3634 10
 368   3644 10
 369   3654 10
 370   3664 10
 371   3674 10
 372   3684 10
 373   3694 10
 374   3704 10
 375   3714 10
 376   3724 10
 377   3734 10
 378   3744 10
 379   3754 10
 380   3764 10
 381   3774 10
 382   3784 10
 383   3794 10
 384   3804 10
 385   3814 10
 386   3824 10
 387   3834 10
 388   3844 10
 389   3854 10
 390   3864 10
 391   3874 10
 392   3884 10
 393   3894 10
 394   3904 10
 395   3914 10
 396   3924 10
 397   3934 10
 398   3944 10
 399   3954 10
 400   3964 10
 401   3974 10
 402   3984 10
 403   3994 10
 404   4004 10
 405   4014 10
 406   4024 10
 407   4034 10
 408   4044 10
 409   4054 10
 410   4064 10
 411   4074 10
 412   4084 10
 413   4094 10
 414   4104 10
 415   4114 10
 416   4124 10
 417   4134 10
 418   4144 10
 419   4154 10
 420   4164 10
 421   4174 10
 422   4184 10
 423   4194 10
 424   4204 10
 425   4214 10
 426   4224 10
 427   4234 10
 428   4244 10
 429   4254 10
 430   4264 10
 431   4274 10
 432   4284 10
 433   4294 10
 434   4304 10
 435   4314 10
 436   4324 10
 437   4334 10
 438   4344 10
 439   4354 10
 440   4364 10
 441   4374 10
 442   4384 10
 443   4394 10
 444   4404 10
 445   4414 10
 446   4424 10
 447   4434 10
 448   4444 10
 449   4454 10
 450   4464 10
 451   4474 10
 452   4484 10
 453   4494 10
 454   4504 10
 455   4514 10
 456   4524 10
 457   4534 10
 458   4544 10
 459   4554 10
 460   4564 10
 461   4574 10
 462   4584 10
 463   4594 10
 464   4604 10
 465   4614 10
 466   4624 10
 467   4634 10
 468   4644 10
 469   4654 10
 470   4664 10
 471   4674 10
 472   4684 10
 473   4694 10
 474   4704 10
 475   4714 10
 476   4724 10
 477   4734 10
 478   4744 10
 479   4754 10
 480   4764 10
 481   4774 10
 482   4784 10
 483   4794 10
 484   4804 10
 485   4814 10
 486   4824 10
 487   4834 10
 488   4844 10
 489   4854 10
 490   4864 10
 491   4874 10
 492   4884 10
 493   4894 10
 494   4904 10
 495   4914 10
 496   4924 10
 497   4934 10
 498   4944 10
 499   4954 10
 500   4964 10
 501   4974 10
 502   4984 10
 503   4994 10
 504   5004 10
 505   5014 10
 506   5024 10
 507   5034 10
 508   5044 10
 509   5054 10
 510   5064 10
 511   5074 10
 512   5084 10
 513   5094 10
 514   5104 10
 515   5114 10
 516   5124 10
 517   5134 10
 518   5144 10
 519   5154 10
 520   5164 10
 521   5174 10
 522   5184 10
 523   5194 10
 524   5204 10
 525   5214 10
 526   5224 10
 527   5234 10
 528   5244 10
 529   5254 10
 530   5264 10
 531   5274 10
 532   5284 10
 533   5294 10
 534   5304 10
 535   5314 10
 536   5324 10
 537   5334 10
 538   5344 10
 539   5354 10
 540   5364 10
 541   5374 10
 542   5384 10
 543   5394 10
 544   5404 10
 545   5414 10
 546   5424 10
 547   5434 10
 548   5444 10
 549   5454 10
 550   5464 10
 551   5474 10
 552   5484 10
 553   5494 10
 554   5504 10
 555   5514 10
 556   5524 10
 557   5534 10
 558   5544 10
 559   5554 10
 560   5564 10
 561   5574 10
 562   5584 10
 563   5594 10
 564   5604 10
 565   5614 10
 566   5624 10
 567   5634 10
 568   5644 10
 569   5654 10
 570   5664 10
 571   5674 10
 572   5684 10
 573   5694 10
 574   5704 10
 575   5714 10
 576   5724 10
 577   5734 10
 578   5744 10
 579   5754 10
 580   5764 10
 581   5774 10
 582   5784 10
 583   5794 10
 584   5804 10
 585   5814 10
 586   5824 10
 587   5834 10
 588   5844 10
 589   5854 10
 590   5864 10
 591   5874 10
 592   5884 10
 593   5894 10
 594   5904 10
 595   5914 10
 596   5924 10
 597   5934 10
 598   5944 10
 599   5954 10
 600   5964 10
 601   5974 10
 602   5984 10
 603   5994 10
 604   6004 10
 605   6014 10
 606   6024 10
 607   6034 10
 608   6044 10
 609   6054 10
 610   6064 10
 611   6074 10
 612   6084 10
 613   6094 10
 614   6104 10
 615   6114 10
 616   6124 10
 617   6134 10
 618   6144 10
 619   6154 10
 620   6164 10
 621   6174 10
 622   6184 10
 623   6194 10
 624   6204 10
 625   6214 10
 626   6224 10
 627   6234 10
 628   6244 10
 629   6254 10
 630   6264 10
 631   6274 10
 632   6284 10
 633   6294 10
 634   6304 10
 635   6314 10
 636   6324 10
 637   6334 10
 638   6344 10
 639   6354 10
 640   6364 10
 641   6374 10
 642   6384 10
 643   6394 10
 644   6404 10
 645   6414 10
 646   6424 10
 647   6434 10
 648   6444 10
 649   6454 10
 650   6464 10
 651   6474 10
 652   6484 10
 653   6494 10
 654   6504 10
 655   6514 10
 656   6524 10
 657   6534 10
 658   6544 10
 659   6554 10
 660   6564 10
 661   6574 10
 662   6584 10
 663   6594 10
 664   6604 10
 665   6614 10
 666   6624 10
 667   6634 10
 668   6644 10
 669   6654 10
 670   6664 10
 671   6674 10
 672   6684 10
 673   6694 10
 674   6704 10
 675   6714 10
 676   6724 10
 677   6734 10
 678   6744 10
 679   6754 10
 680   6764 10
 681   6774 10
 682   6784 10
 683   6794 10
 684   6804 10
 685   6814 10
 686   6824 10
 687   6834 10
 688   6844 10
 689   6854 10
 690   6864 10
 691   6874 10
 692   6884 10
 693   6894 10
 694   6904 10
 695   6914 10
 696   6924 10
 697   6934 10
 698   6944 10
 699   6954 10
 700   6964 10
 701   6974 10
 702   6984 10
 703   6994 10
 704   7004 10
 705   7014 10
 706   7024 10
 707   7034 10
 708   7044 10
 709   7054 10
 710   7064 10
 711   7074 10
 712   7084 10
 713   7094 10
 714   7104 10
 715   7114 10
 716   7124 10
 717   7134 10
 718   7144 10
 719   7154 10
 720   7164 10
 721   7174 10
 722   7184 10
 723   7194 10
 724   7204 10
 725   7214 10
 726   7224 10
 727   7234 10
 728   7244 10
 729   7254 10
 730   7264 10
 731   7274 10
 732   7284 10
 733   7294 10
 734   7304 10
 735   7314 10
 736   7324 10
 737   7334 10
 738   7344 10
 739   7354 10
 740   7364 10
 741   7374 10
 742   7384 10
 743   7394 10
 744   7404 10
 745   7414 10
 746   7424 10
 747   7434 10
 748   7444 10
 749   7454 10
 750   7464 10
 751   7474 10
 752   7484 10
 753   7494 10
 754   7504 10
 755   7514 10
 756   7524 10
 757   7534 10
 758   7544 10
 759   7554 10
 760   7564 10
 761   7574 10
 762   7584 10
 763   7594 10
 764   7604 10
 765   7614 10
 766   7624 10
 767   7634 10
 768   7644 10
 769   7654 10
 770   7664 10
 771   7674 10
 772   7684 10
 773   7694 10
 774   7704 10
 775   7714 10
 776   7724 10
 777   7734 10
 778   7744 10
 779   7754 10
 780   7764 10
 781   7774 10
 782   7784 10
 783   7794 10
 784   7804 10
 785   7814 10
 786   7824 10
 787   7834 10
 788   7844 10
 789   7854 10
 790   7864 10
 791   7874 10
 792   7884 10
 793   7894 10
 794   7904 10
 795   7914 10
 796   7924 10
 797   7934 10
 798   7944 10
 799   7954 10
 800   7964 10
 801   7974 10
 802   7984 10
 803   7994 10
 804   8004 10
 805   8014 10
 806   8024 10
 807   8034 10
 808   8044 10
 809   8054 10
 810   8064 10
 811   8074 10
 812   8084 10
 813   8094 10
 814   8104 10
 815   8114 10
 816   8124 10
 817   8134 10
 818   8144 10
 819   8154 10
 820   8164 10
 821   8174 10
 822   8184 10
 823   8194 10
 824   8204 10
 825   8214 10
 826   8224 10
 827   8234 10
 828   8244 10
